-3.14159265358979
-3.13286600732982
-3.12413936106985
-3.11541271480988
-3.10668606854991
-3.09795942228993
-3.08923277602996
-3.08050612976999
-3.07177948351002
-3.06305283725005
-3.05432619099008
-3.04559954473011
-3.03687289847013
-3.02814625221016
-3.01941960595019
-3.01069295969022
-3.00196631343025
-2.99323966717028
-2.9845130209103
-2.97578637465033
-2.96705972839036
-2.95833308213039
-2.94960643587042
-2.94087978961045
-2.93215314335047
-2.9234264970905
-2.91469985083053
-2.90597320457056
-2.89724655831059
-2.88851991205062
-2.87979326579064
-2.87106661953067
-2.8623399732707
-2.85361332701073
-2.84488668075076
-2.83616003449079
-2.82743338823082
-2.81870674197084
-2.80998009571087
-2.8012534494509
-2.79252680319093
-2.78380015693096
-2.77507351067099
-2.76634686441101
-2.75762021815104
-2.74889357189107
-2.7401669256311
-2.73144027937113
-2.72271363311116
-2.71398698685118
-2.70526034059121
-2.69653369433124
-2.68780704807127
-2.6790804018113
-2.67035375555133
-2.66162710929135
-2.65290046303138
-2.64417381677141
-2.63544717051144
-2.62672052425147
-2.6179938779915
-2.60926723173153
-2.60054058547155
-2.59181393921158
-2.58308729295161
-2.57436064669164
-2.56563400043167
-2.5569073541717
-2.54818070791172
-2.53945406165175
-2.53072741539178
-2.52200076913181
-2.51327412287184
-2.50454747661187
-2.49582083035189
-2.48709418409192
-2.47836753783195
-2.46964089157198
-2.46091424531201
-2.45218759905204
-2.44346095279206
-2.43473430653209
-2.42600766027212
-2.41728101401215
-2.40855436775218
-2.39982772149221
-2.39110107523224
-2.38237442897226
-2.37364778271229
-2.36492113645232
-2.35619449019235
-2.34746784393238
-2.33874119767241
-2.33001455141243
-2.32128790515246
-2.31256125889249
-2.30383461263252
-2.29510796637255
-2.28638132011258
-2.2776546738526
-2.26892802759263
-2.26020138133266
-2.25147473507269
-2.24274808881272
-2.23402144255275
-2.22529479629277
-2.2165681500328
-2.20784150377283
-2.19911485751286
-2.19038821125289
-2.18166156499292
-2.17293491873294
-2.16420827247297
-2.155481626213
-2.14675497995303
-2.13802833369306
-2.12930168743309
-2.12057504117312
-2.11184839491314
-2.10312174865317
-2.0943951023932
-2.08566845613323
-2.07694180987326
-2.06821516361329
-2.05948851735331
-2.05076187109334
-2.04203522483337
-2.0333085785734
-2.02458193231343
-2.01585528605346
-2.00712863979348
-1.99840199353351
-1.98967534727354
-1.98094870101357
-1.9722220547536
-1.96349540849363
-1.95476876223365
-1.94604211597368
-1.93731546971371
-1.92858882345374
-1.91986217719377
-1.9111355309338
-1.90240888467383
-1.89368223841385
-1.88495559215388
-1.87622894589391
-1.86750229963394
-1.85877565337397
-1.850049007114
-1.84132236085402
-1.83259571459405
-1.82386906833408
-1.81514242207411
-1.80641577581414
-1.79768912955417
-1.78896248329419
-1.78023583703422
-1.77150919077425
-1.76278254451428
-1.75405589825431
-1.74532925199434
-1.73660260573436
-1.72787595947439
-1.71914931321442
-1.71042266695445
-1.70169602069448
-1.69296937443451
-1.68424272817454
-1.67551608191456
-1.66678943565459
-1.65806278939462
-1.64933614313465
-1.64060949687468
-1.63188285061471
-1.62315620435473
-1.61442955809476
-1.60570291183479
-1.59697626557482
-1.58824961931485
-1.57952297305488
-1.5707963267949
-1.56206968053493
-1.55334303427495
-1.54461638801498
-1.53588974175501
-1.52716309549504
-1.51843644923507
-1.5097098029751
-1.50098315671512
-1.49225651045515
-1.48352986419518
-1.47480321793521
-1.46607657167524
-1.45734992541527
-1.44862327915529
-1.43989663289532
-1.43116998663535
-1.42244334037538
-1.41371669411541
-1.40499004785544
-1.39626340159546
-1.38753675533549
-1.37881010907552
-1.37008346281555
-1.36135681655558
-1.35263017029561
-1.34390352403563
-1.33517687777566
-1.32645023151569
-1.31772358525572
-1.30899693899575
-1.30027029273578
-1.29154364647581
-1.28281700021583
-1.27409035395586
-1.26536370769589
-1.25663706143592
-1.24791041517595
-1.23918376891598
-1.230457122656
-1.22173047639603
-1.21300383013606
-1.20427718387609
-1.19555053761612
-1.18682389135615
-1.17809724509617
-1.1693705988362
-1.16064395257623
-1.15191730631626
-1.14319066005629
-1.13446401379632
-1.12573736753634
-1.11701072127637
-1.1082840750164
-1.09955742875643
-1.09083078249646
-1.08210413623649
-1.07337748997652
-1.06465084371654
-1.05592419745657
-1.0471975511966
-1.03847090493663
-1.02974425867666
-1.02101761241669
-1.01229096615671
-1.00356431989674
-0.994837673636771
-0.986111027376799
-0.977384381116828
-0.968657734856856
-0.959931088596884
-0.951204442336913
-0.942477796076941
-0.933751149816969
-0.925024503556998
-0.916297857297026
-0.907571211037055
-0.898844564777083
-0.890117918517112
-0.88139127225714
-0.872664625997168
-0.863937979737197
-0.855211333477225
-0.846484687217254
-0.837758040957282
-0.82903139469731
-0.820304748437339
-0.811578102177367
-0.802851455917395
-0.794124809657424
-0.785398163397452
-0.776671517137481
-0.767944870877509
-0.759218224617537
-0.750491578357566
-0.741764932097594
-0.733038285837623
-0.724311639577651
-0.715584993317679
-0.706858347057708
-0.698131700797736
-0.689405054537765
-0.680678408277793
-0.671951762017821
-0.66322511575785
-0.654498469497878
-0.645771823237907
-0.637045176977935
-0.628318530717963
-0.619591884457992
-0.61086523819802
-0.602138591938049
-0.593411945678077
-0.584685299418105
-0.575958653158134
-0.567232006898162
-0.558505360638191
-0.549778714378219
-0.541052068118247
-0.532325421858276
-0.523598775598304
-0.514872129338332
-0.506145483078361
-0.497418836818389
-0.488692190558418
-0.479965544298446
-0.471238898038475
-0.462512251778503
-0.453785605518531
-0.44505895925856
-0.436332312998588
-0.427605666738611
-0.418879020478639
-0.410152374218668
-0.401425727958696
-0.392699081698724
-0.383972435438753
-0.375245789178781
-0.366519142918809
-0.357792496658838
-0.349065850398866
-0.340339204138895
-0.331612557878923
-0.322885911618951
-0.314159265358979
-0.305432619099008
-0.296705972839036
-0.287979326579064
-0.279252680319093
-0.270526034059121
-0.261799387799149
-0.253072741539178
-0.244346095279206
-0.235619449019234
-0.226892802759263
-0.218166156499291
-0.20943951023932
-0.200712863979348
-0.191986217719376
-0.183259571459405
-0.174532925199433
-0.165806278939461
-0.15707963267949
-0.148352986419518
-0.139626340159546
-0.130899693899575
-0.122173047639603
-0.113446401379631
-0.10471975511966
-0.0959931088596881
-0.0872664625997165
-0.0785398163397448
-0.0698131700797732
-0.0610865238198015
-0.0523598775598299
-0.0436332312998582
-0.0349065850398866
-0.0261799387799149
-0.0174532925199433
-0.00872664625997165
0
0.00872664625997165
0.0174532925199433
0.0261799387799149
0.0349065850398866
0.0436332312998582
0.0523598775598299
0.0610865238198015
0.0698131700797732
0.0785398163397448
0.0872664625997165
0.0959931088596881
0.10471975511966
0.113446401379631
0.122173047639603
0.130899693899575
0.139626340159546
0.148352986419518
0.15707963267949
0.165806278939461
0.174532925199433
0.183259571459405
0.191986217719376
0.200712863979348
0.20943951023932
0.218166156499291
0.226892802759263
0.235619449019234
0.244346095279206
0.253072741539178
0.261799387799149
0.270526034059121
0.279252680319093
0.287979326579064
0.296705972839036
0.305432619099008
0.314159265358979
0.322885911618951
0.331612557878923
0.340339204138894
0.349065850398866
0.357792496658838
0.366519142918809
0.375245789178781
0.383972435438752
0.392699081698724
0.401425727958696
0.410152374218667
0.418879020478639
0.427605666738611
0.436332312998582
0.445058959258554
0.453785605518526
0.462512251778497
0.471238898038469
0.47996554429844
0.488692190558412
0.497418836818384
0.506145483078355
0.514872129338327
0.523598775598298
0.53232542185827
0.541052068118242
0.549778714378213
0.558505360638185
0.567232006898156
0.575958653158128
0.5846852994181
0.593411945678071
0.602138591938043
0.610865238198014
0.619591884457986
0.628318530717958
0.637045176977929
0.645771823237901
0.654498469497872
0.663225115757844
0.671951762017816
0.680678408277787
0.689405054537759
0.69813170079773
0.706858347057702
0.715584993317674
0.724311639577645
0.733038285837617
0.741764932097589
0.75049157835756
0.759218224617532
0.767944870877503
0.776671517137475
0.785398163397447
0.794124809657418
0.80285145591739
0.811578102177361
0.820304748437333
0.829031394697304
0.837758040957276
0.846484687217248
0.855211333477219
0.863937979737191
0.872664625997163
0.881391272257134
0.890117918517106
0.898844564777077
0.907571211037049
0.916297857297021
0.925024503556992
0.933751149816964
0.942477796076935
0.951204442336907
0.959931088596879
0.96865773485685
0.977384381116822
0.986111027376793
0.994837673636765
1.00356431989674
1.01229096615671
1.02101761241668
1.02974425867665
1.03847090493662
1.04719755119659
1.05592419745657
1.06465084371654
1.07337748997651
1.08210413623648
1.09083078249645
1.09955742875642
1.1082840750164
1.11701072127637
1.12573736753634
1.13446401379631
1.14319066005628
1.15191730631625
1.16064395257623
1.1693705988362
1.17809724509617
1.18682389135614
1.19555053761611
1.20427718387608
1.21300383013606
1.22173047639603
1.230457122656
1.23918376891597
1.24791041517594
1.25663706143591
1.26536370769588
1.27409035395586
1.28281700021583
1.2915436464758
1.30027029273577
1.30899693899574
1.31772358525571
1.32645023151569
1.33517687777566
1.34390352403563
1.3526301702956
1.36135681655557
1.37008346281554
1.37881010907552
1.38753675533549
1.39626340159546
1.40499004785543
1.4137166941154
1.42244334037537
1.43116998663535
1.43989663289532
1.44862327915529
1.45734992541526
1.46607657167523
1.4748032179352
1.48352986419517
1.49225651045515
1.50098315671512
1.50970980297509
1.51843644923506
1.52716309549503
1.535889741755
1.54461638801498
1.55334303427495
1.56206968053492
1.57079632679489
1.57952297305487
1.58824961931484
1.59697626557481
1.60570291183478
1.61442955809475
1.62315620435473
1.6318828506147
1.64060949687467
1.64933614313464
1.65806278939461
1.66678943565458
1.67551608191456
1.68424272817453
1.6929693744345
1.70169602069447
1.71042266695444
1.71914931321441
1.72787595947439
1.73660260573436
1.74532925199433
1.7540558982543
1.76278254451427
1.77150919077424
1.78023583703422
1.78896248329419
1.79768912955416
1.80641577581413
1.8151424220741
1.82386906833407
1.83259571459404
1.84132236085402
1.85004900711399
1.85877565337396
1.86750229963393
1.8762289458939
1.88495559215387
1.89368223841385
1.90240888467382
1.91113553093379
1.91986217719376
1.92858882345373
1.9373154697137
1.94604211597368
1.95476876223365
1.96349540849362
1.97222205475359
1.98094870101356
1.98967534727353
1.99840199353351
2.00712863979348
2.01585528605345
2.02458193231342
2.03330857857339
2.04203522483336
2.05076187109333
2.05948851735331
2.06821516361328
2.07694180987325
2.08566845613322
2.09439510239319
2.10312174865316
2.11184839491314
2.12057504117311
2.12930168743308
2.13802833369305
2.14675497995302
2.15548162621299
2.16420827247297
2.17293491873294
2.18166156499291
2.19038821125288
2.19911485751285
2.20784150377282
2.2165681500328
2.22529479629277
2.23402144255274
2.24274808881271
2.25147473507268
2.26020138133265
2.26892802759262
2.2776546738526
2.28638132011257
2.29510796637254
2.30383461263251
2.31256125889248
2.32128790515245
2.33001455141243
2.3387411976724
2.34746784393237
2.35619449019234
2.36492113645231
2.37364778271228
2.38237442897226
2.39110107523223
2.3998277214922
2.40855436775217
2.41728101401214
2.42600766027211
2.43473430653209
2.44346095279206
2.45218759905203
2.460914245312
2.46964089157197
2.47836753783194
2.48709418409191
2.49582083035189
2.50454747661186
2.51327412287183
2.5220007691318
2.53072741539177
2.53945406165174
2.54818070791172
2.55690735417169
2.56563400043166
2.57436064669163
2.5830872929516
2.59181393921157
2.60054058547155
2.60926723173152
2.61799387799149
2.62672052425146
2.63544717051143
2.6441738167714
2.65290046303138
2.66162710929135
2.67035375555132
2.67908040181129
2.68780704807126
2.69653369433123
2.70526034059121
2.71398698685118
2.72271363311115
2.73144027937113
2.7401669256311
2.74889357189107
2.75762021815104
2.76634686441101
2.77507351067098
2.78380015693096
2.79252680319093
2.8012534494509
2.80998009571087
2.81870674197084
2.82743338823081
2.83616003449078
2.84488668075076
2.85361332701073
2.8623399732707
2.87106661953067
2.87979326579064
2.88851991205061
2.89724655831059
2.90597320457056
2.91469985083053
2.9234264970905
2.93215314335047
2.94087978961044
2.94960643587042
2.95833308213039
2.96705972839036
2.97578637465033
2.9845130209103
2.99323966717027
3.00196631343025
3.01069295969022
3.01941960595019
3.02814625221016
3.03687289847013
3.0455995447301
3.05432619099007
3.06305283725005
3.07177948351002
3.08050612976999
3.08923277602996
3.09795942228993
3.1066860685499
3.11541271480988
3.12413936106985
3.13286600732982
3.14159265358979
